5242
8820
1005
8002
456
9824
9635
5302
3521
1000
9612
3639
1720
3832
5861
4902
9655
9093
2159
709
5842
259
366
702
2092
191
8942
420
6904
4404
4373
3349
7652
1078
8334
8301
1111
3752
3200
921
7425
5975
5625
4486
4368
2102
6556
7917
2056
3122
4785
1557
4046
4220
8782
9474
5368
1820
9733
330
6423
6986
4360
9828
1462
1535
8722
4584
746
9449
4898
497
7211
4456
8154
20
3155
413
9766
9849
964
9945
4662
522
5778
5142
653
1325
1849
2668
2090
2378
6160
982
9731
4319
2871
1738
8694
7234
6198
915
5294
9006
5942
1219
785
6887
5204
9973
9545
7155
1556
9225
9391
693
6016
3315
55
8797
1992
1973
152
7190
5964
4433
4461
443
1200
158
8190
5948
3875
5190
440
3477
1611
1148
9216
3018
6404
5884
2766
4740
4896
8261
7104
4244
393
9970
9619
9596
549
192
5145
3799
6638
5957
1367
7284
10
2035
9526
8384
5248
3357
8555
5915
2538
9718
9506
3963
3422
3263
5319
9110
5583
7285
8017
1751
8852
9465
7887
258
9991
1199
3956
3039
7227
7481
6281
6000
1160
2946
4634
7706
9282
6572
5045
383
2170
2796
3089
9980
579
899
9323
9099
3017
3587
2192
5339
3075
3212
1593
2034
4423
8707
2854
4470
4238
1257
7714
9286
7704
8449
7678
8781
6212
6405
3852
5806
1283
9199
874
3574
6259
7543
6477
5105
7256
4761
8083
6098
8294
5805
4203
8277
1748
1004
791
6116
1712
9520
7014
5422
1983
1772
2955
5402
3691
7611
1728
9820
8287
1868
6376
1568
437
2501
1133
2512
9665
4953
8213
6753
1870
2532
5921
8285
4087
1810
9168
4636
1664
1640
1079
7695
2357
1622
9467
2934
4102
8715
8401
2771
6147
3478
2833
6119
100
8675
2911
2794
6319
5518
3800
5327
519
1685
5845
8512
8088
9230
9858
1937
691
3456
3569
1253
1267
193
4067
7996
662
8265
6031
1754
9202
3407
9559
2891
5293
1778
1828
1166
6472
5124
5025
4966
141
1629
3241
4989
5566
5099
2350
1365
5301
8270
641
5830
3009
4206
8346
6716
3738
2544
9550
3957
2626
8645
1625
6812
3779
2622
385
9535
2484
1630
2139
4303
6714
2306
2188
2113
5226
942
439
1508
4197
9292
9497
923
5574
4175
6672
4136
2403
9078
3820
1484
1187
458
9130
739
9928
283
3648
7816
1564
2882
4332
3245
2448
5790
3071
2741
3083
5217
6323
4361
7752
3331
3506
6955
2155
735
4314
2883
3393
8394
9010
3906
3430
6790
4118
9137
2119
3701
5454
1230
8040
2399
364
1070
3863
2471
3064
8026
3969
9658
2483
1418
4773
505
3111
4426
6327
3765
5485
6325
3763
9942
1220
7866
2818
6518
272
6214
3388
3286
9935
2938
6015
7510
8503
3627
2710
2973
1956
7729
454
1516
207
1104
2385
5202
3530
6358
9443
9329
5330
6413
8206
3714
3962
9825
489
514
666
1876
307
6543
4805
953
7882
5973
9409
5536
1602
9296
1995
3489
808
8806
4451
8770
309
3509
9240
3492
3751
3572
5918
7141
5925
2495
7446
3117
1144
9868
9422
1416
1095
9114
4544
7978
4784
194
3781
3822
983
6475
166
8987
8967
4390
2379
1044
4536
7356
9530
9120
5706
5322
4549
2618
2777
8941
7204
2836
3993
1654
1224
1240
848
2270
6510
4127
5914
4580
9765
4699
3392
9939
2502
7898
5908
4606
4483
2849
1180
759
881
5469
4517
7928
7352
1618
242
1086
1398
4033
740
4534
4696
6666
7220
4882
4713
462
3759
9408
7308
694
2594
2754
8573
1494
7735
8875
2047
1310
3250
8744
9098
6517
4991
951
925
4048
1570
3298
4830
3825
2473
2470
6934
5902
4638
1481
5757
9309
1432
3043
9226
3805
38
4309
4418
2191
2367
67
4655
7932
8442
4367
6647
5244
3345
8705
664
5357
5132
1988
5969
2633
2910
4105
3398
5508
4159
9394
8823
4796
7037
1300
5022
2746
2103
9694
3114
617
2781
2126
3419
1573
3910
2030
5413
6978
6018
876
7483
6363
7462
1291
5119
3425
5862
1308
3727
3420
1547
665
1177
3417
2149
7353
7052
9965
9898
4106
1125
1934
4184
2789
7970
3753
3255
1409
5430
796
2091
4864
8132
3653
8417
4969
9092
2418
7007
1165
8095
2751
5149
2054
9586
686
1753
7551
4454
1330
5514
4733
2074
509
2449
712
9214
8360
5000
34
8864
2636
4691
7686
343
3400
6996
5779
8748
585
530
3661
2893
2487
3845
7903
7015
3249
3136
3368
635
9030
3223
4973
2211
5972
8463
614
6662
5417
2051
606
1607
335
9651
6931
7606
3007
4868
2125
955
4375
5366
4781
5694
363
2700
6287
1500
8251
9859
2813
1395
9585
1680
5727
4714
5673
2451
1286
5439
7763
8048
2853
8649
297
9043
7075
539
5125
3240
3746
4583
8863
8595
8260
3664
3901
2022
310
3227
4996
7401
1768
1977
8224
8789
8469
5590
7257
471
1985
8841
6394
8488
593
6836
1255
5130
4637
6289
3214
1525
6448
3086
6785
6827
708
8751
6205
9566
1667
9905
2068
9595
793
3005
950
1892
3495
2824
6385
6747
3611
7946
1733
1439
7266
6822
9748
1073
2201
1608
4862
1910
1213
4020
7323
1660
1961
7512
2987
8477
4759
4251
2066
5121
2431
3834
741
4422
1184
7074
4571
4568
4985
603
2994
2504
4146
2603
8901
927
784
5952
9780
5408
58
8855
5864
3590
5887
14
5652
8399
6699
6001
5670
9794
8379
432
724
9986
262
5773
2606
2730
5307
8603
7838
975
2144
9992
2657
2605
835
5717
2995
5167
9846
8526
8792
5626
2388
240
5552
9075
777
7374
9340
3718
803
6273
4467
5749
3551
507
4942
7498
4416
3176
8423
86
9487
679
41
4818
2109
5941
3784
6042
5564
3207
557
3984
9664
2662
4455
4173
1343
6552
7797
6486
3643
6360
3311
7450
8511
8462
6162
6487
615
9035
1898
4907
6189
2256
1447
4327
2637
3880
7287
3518
7693
279
5394
6367
5267
4267
6029
2334
5955
1093
7583
357
5772
9572
3464
638
9865
5824
6128
7722
7661
5656
8366
2998
1236
4975
3381
7028
7333
4704
1407
3054
5509
7823
2411
5559
9869
2842
1955
1646
6802
4019
5889
8249
53
7209
5097
2932
5373
2287
2646
1411
1739
333
4892
3532
1172
9812
7420
9792
2802
8424
9374
6555
5507
7662
1886
1706
4326
6107
9264
6632
5758
84
368
7452
9314
5390
6617
1006
6597
765
6235
6257
5464
5438
6983
1412
2382
9147
3156
816
8708
3538
781
6156
6124
3197
4304
1749
8616
4292
5604
8945
5896
5882
5382
7531
2360
4471
9064
6993
8174
2148
247
8860
1266
6991
2423
6115
2582
8938
1560
6679
5608
938
2516
5618
1153
2592
4647
1795
9678
6097
6406
3008
2658
2079
1944
6669
5424
2225
9546
758
475
7494
8387
8869
4695
2218
1672
6093
7017
8228
2207
6322
7144
6095
3041
199
7197
4130
1722
5258
6722
2094
6035
6402
4411
6830
7495
7146
5046
8580
4521
4980
7715
3513
4625
6828
3801
4822
5560
9073
7002
1652
2100
2060
5174
6661
882
1844
6153
2166
9754
719
3783
1548
8461
858
9960
4573
5584
6155
5102
9782
6915
7177
7952
587
5198
1776
1980
3721
1202
3012
1893
9192
5960
7870
4478
2430
162
3448
1623
1042
5245
2884
2573
1783
9742
5426
4180
9163
3010
8248
7881
7633
7963
9934
7751
5783
9880
5194
4474
4488
1045
998
9375
521
6118
3615
3257
7478
4672
9504
5573
7217
6159
206
2121
731
1314
7280
920
6221
7778
3960
4840
6844
8300
1479
757
7122
5923
5290
828
9500
9320
7753
5468
648
7179
3336
5229
485
7207
9261
6491
1959
7886
5381
9552
4504
5734
6660
7584
704
1402
2260
695
3809
9819
4721
7973
4297
8375
2255
4700
947
6757
2776
3647
7786
4821
4353
8803
4452
7268
7150
1867
4152
1408
6276
2627
5891
6781
5658
2002
7399
550
4211
6067
6178
3974
1294
33
9702
3690
3865
3697
6859
831
9861
857
697
9239
3105
2770
7502
3402
2992
435
3377
5203
5988
6226
3921
8960
7780
6183
317
8684
131
3056
2736
2452
8923
288
448
3609
7889
5458
1634
2129
2480
4140
6776
2530
421
5489
3243
1270
5010
7982
5160
1430
4590
9259
2241
8421
8712
3904
860
1461
5597
3762
3911
4718
481
2297
121
2935
4519
1130
3758
5777
6154
8481
2638
788
8056
7943
7523
7184
2645
3507
3686
9903
6545
74
783
4497
3042
4311
1020
8216
3959
3972
8507
5391
9855
3994
825
4620
2234
5698
4716
4889
5095
2804
7675
7927
795
1940
7354
1670
1234
5084
7289
2623
431
2
1206
1765
7827
9158
4250
9273
1653
8137
2354
2020
2660
6248
3729
1732
1875
6161
486
4287
9582
4213
6898
9795
1837
8310
2272
4600
4065
6535
7844
5987
2765
984
8134
552
7987
2551
5943
8256
4798
5803
6032
8068
7921
2984
2323
7079
4057
7748
4776
1514
6036
3467
6473
2985
1755
5916
6727
2391
952
6247
2307
2491
8253
8680
9278
6698
1014
1443
639
6006
3450
9266
7703
3792
5795
4491
5724
4135
4701
9412
7199
7318
7985
621
7364
1109
5073
7335
4744
9423
5983
1026
3844
4719
3502
5336
9364
7837
8753
8655
573
1145
5715
2410
2461
6072
7326
6639
1762
1633
7814
5056
8695
2326
2696
1750
2145
6680
3046
1575
8456
1201
4413
9362
6109
6498
6522
5567
7422
160
9317
6143
4674
9745
830
9395
5571
5276
4201
6551
3483
2949
2477
5931
3208
6419
4737
7368
730
5263
1038
729
9573
8650
6467
9494
8124
5185
8054
2909
1588
4377
464
630
1531
8451
6902
7867
8363
3508
1517
7669
6515
7959
2194
1964
4750
4181
856
8431
1681
5375
9455
4281
1435
5710
3838
19
3868
3978
5445
9207
5096
8397
4943
1052
295
1452
2737
5546
9735
2793
8473
3821
696
7623
341
4436
4256
8760
5720
5063
7666
6468
5522
4300
26
9433
4682
2619
4334
3818
7117
9974
7950
379
8410
1665
6125
1158
2536
8485
786
6499
9522
7599
4185
3132
1506
5538
8130
561
5213
2723
4706
806
7542
6624
3808
9933
9790
6807
4500
9623
5414
3827
2968
2500
6331
1860
6073
7157
2786
968
6383
9308
5531
6336
5826
3194
2665
2193
9302
3673
1466
774
4359
6804
5345
3326
3755
1207
1553
8160
9809
7330
9401
3663
2213
7980
7
2356
6254
4918
9383
9508
6793
2261
8173
7325
7775
87
6292
733
1304
6002
1528
3313
9519
5152
4475
8381
5632
855
3788
4040
234
4088
957
9425
3623
9821
5262
4628
7303
8931
4705
2613
8085
5446
5028
7240
4138
1691
3516
717
7679
6455
2768
9517
8486
1918
4125
1410
9776
3180
8666
6274
9390
4402
4772
402
620
4163
6139
2830
325
8581
4789
6709
824
3848
8935
1277
1358
5162
6538
6905
2576
3109
7411
5505
6726
5195
4703
9808
9685
9363
9116
1702
2012
9428
4380
870
8776
8023
9867
4417
7265
6470
1163
3369
2237
3668
814
7539
9876
496
3966
3308
1780
7526
1445
5629
2409
3655
241
2164
7708
5692
3527
2542
3831
9113
9533
9589
4739
3021
6769
5660
1400
1936
6354
560
8560
7934
5654
2041
879
7327
429
9104
5289
1648
3078
4243
3261
7297
911
2889
7556
1763
7566
3995
8362
1342
2128
3157
787
8084
4482
8157
9027
7720
1303
1563
1276
8636
5191
7998
3531
2634
7733
3036
8364
5523
9437
1287
9600
7337
1299
2165
517
4425
1489
2392
2333
2649
1657
1530
8668
6877
3461
1326
949
936
7228
5787
5949
2868
9109
875
6737
4255
4050
1586
5728
1558
3447
1058
1582
7057
5089
3780
7690
9077
5039
9255
1529
2083
5986
3554
7077
4275
5499
6415
7188
1012
1626
6039
8691
8905
23
2533
5853
4017
1397
661
985
6588
513
9432
3644
8264
6936
324
3428
7953
1631
9784
4857
6933
2498
4817
3708
2143
5288
6911
3500
4315
8949
7854
4114
9119
4877
8880
2600
5928
8371
6816
558
2212
5774
4307
1939
8729
8303
4598
9406
2778
8946
1688
8395
8419
6819
800
3989
7465
5323
1169
3991
2655
3403
7852
3803
8623
3728
6984
154
3936
4919
6101
4473
9889
3859
6935
9036
2032
6798
3576
8709
8470
3692
7412
5543
1048
6158
5747
7424
7517
2937
2913
8647
4632
4604
498
5405
8281
1856
6711
4295
132
9730
1966
8570
4810
346
3163
9385
6449
3292
5598
4207
4386
9307
6641
4083
8338
4570
5789
5169
1197
4465
8826
1225
3220
3889
9813
7236
878
3760
1846
1906
5581
4354
6355
434
6447
5470
6290
1354
9604
8081
1
6303
7895
5998
6288
1377
4847
8128
6242
5218
1188
6488
6190
6864
8211
3409
5075
7795
1885
8136
353
9478
804
3463
6619
337
5047
5595
3121
7853
5106
5270
676
9447
7493
2546
9561
7121
410
5735
4131
2243
4031
408
1088
7639
147
5189
8052
6704
2178
3525
3363
3199
398
742
8038
3025
8845
5707
9556
4891
8532
7107
4865
2757
1391
8651
5428
17
2675
6952
2168
8458
2870
362
6450
9796
8518
1935
8549
4867
7154
4883
6272
5128
4285
9347
4265
8736
994
4685
7906
6724
7137
1475
6763
6713
106
6400
8053
4246
7455
2666
2878
7989
2528
8059
3468
2845
3306
3016
7562
4630
4905
1576
1280
9518
8143
9922
9823
7646
169
7658
1994
9525
3517
2275
2942
5687
716
7254
197
6480
8892
3302
5742
7849
6987
7196
304
3684
2295
8231
4429
9941
9249
3033
1463
6512
8545
5741
7728
6645
188
91
3272
6976
9001
7271
7602
5759
2104
7696
6171
4587
3719
9068
885
5804
2957
5876
1796
9101
8624
3833
3252
301
9711
6560
8183
9080
4888
4679
1022
3849
7169
6671
2081
4424
3624
7410
6928
452
6772
4619
5146
4323
3731
3539
9854
8840
6625
3218
5317
6262
8800
2257
5065
3565
5004
252
7609
9906
6239
157
6365
7056
4066
7035
8021
5867
4767
3389
9136
4657
3749
8194
5129
1007
5950
9956
2683
8041
2070
4547
7395
412
4595
4376
7828
9167
4884
6081
8344
5904
8837
8170
836
3924
377
651
4968
4582
8936
4687
9624
6906
3275
3850
8080
3642
5607
6766
4585
3583
933
1532
1174
7468
8519
8629
6428
9016
1041
7342
7080
9910
3061
3916
5407
3617
4450
9300
176
3169
2172
4240
2834
871
4492
3358
5292
6207
5878
5610
7966
4726
8030
3376
8393
7890
404
567
7847
5529
2678
6204
4044
4727
5205
3564
1907
2851
1805
4780
9416
5863
3318
3322
3094
7187
7532
9771
196
5900
6236
5791
3020
9684
5236
9656
7328
5208
70
4498
3201
3147
6821
8242
2518
3977
8086
9233
3325
7171
1218
2180
2598
161
7765
4178
907
2069
8386
228
990
7443
7594
7638
6663
3608
2486
1512
2067
7522
9251
8513
3604
7552
8922
4101
6266
4126
1345
1340
5380
1059
9012
4728
8926
9715
8478
5107
8036
1273
256
8347
1942
3927
7025
5007
5060
5628
8058
319
4129
7721
2137
9916
4097
6308
7514
6856
2685
9293
6009
2158
7755
1029
365
4120
8913
9892
3930
8067
5780
4814
9984
6350
4279
7885
8411
3281
1873
6396
1486
3485
3656
9577
4855
9387
2457
5324
3165
8688
6715
6444
5431
6842
282
6282
8468
8582
6439
6921
5182
3354
6509
7515
7417
939
4298
3909
210
1245
3670
1501
4068
3660
4419
7398
6496
4917
5775
8627
2179
9881
7123
8398
5074
1877
4242
7948
1023
3283
133
1334
8204
752
8934
4546
4143
9145
4747
7361
7221
605
3555
6746
5859
6869
4990
7570
1132
6051
775
3131
6464
4342
3413
3068
6590
3127
5364
8522
5702
172
6527
4649
6703
8640
8566
9811
2368
3421
7161
8568
3072
3057
995
1569
6424
3329
9760
4629
3378
2015
5691
1341
6508
1138
9182
1554
3338
5605
2011
9086
1339
5281
3498
9689
7467
4222
4509
943
6329
5486
2312
6895
9059
209
8763
7944
9510
4103
7110
7500
2923
8234
5615
1911
8839
5578
958
3149
3341
1725
7066
6269
5001
5621
5201
8311
7065
6388
5050
8150
8657
7180
6782
5008
4061
815
2852
7848
5946
5572
6696
7977
6850
5266
6774
5913
9560
9729
4268
9951
9621
8843
4151
9281
3013
222
2029
8273
1262
2921
7128
6561
3289
9298
9891
5676
9590
8614
8818
944
9783
1309
5354
2352
8561
345
3342
6707
9762
7884
658
2545
1894
4618
8148
7541
1134
2894
293
2242
1063
2691
706
6689
8542
8785
5077
31
6930
2177
1290
6495
971
4594
6251
7149
5448
4022
7878
9071
4926
4060
8307
2311
3980
7415
3971
2286
7761
6971
2280
862
3233
4787
1384
7018
8110
2182
4755
4343
1473
9178
1887
1540
1627
2720
1288
1922
5072
3777
8292
3387
9920
4253
6674
2565
2772
6313
6435
3662
8389
250
543
4237
3950
9463
3146
7941
245
8968
2073
2745
6312
8858
6410
5143
2543
7085
6863
7707
7694
5416
841
441
1215
220
6003
3625
5497
249
2727
7949
7491
8339
3423
5835
2584
3034
5693
4766
2589
3280
5088
8590
5683
3812
7249
2531
515
7051
6474
2599
5612
2190
4398
8842
9160
886
1696
2485
7351
9703
2428
6211
4543
4735
218
5214
7769
6886
75
1437
8849
1963
9197
5881
6130
1008
9759
208
276
946
8046
182
9615
1069
1374
268
7759
9857
2513
5671
1135
6186
5848
2654
5650
8290
8784
8034
2847
139
2455
8529
215
6378
8974
1117
916
6420
1788
7453
9645
8322
4613
9866
3586
1298
6990
1121
3940
5412
3248
4045
5117
9115
4269
473
852
7839
8065
7006
7519
8066
1027
1292
3883
1089
3723
5760
5029
1583
9523
6108
3567
7540
4667
2200
2181
2687
1392
8683
2319
8807
3104
3804
9053
3689
839
4355
1150
3238
1954
703
5264
6532
9049
8558
126
3451
6061
8409
9066
7338
4887
682
6591
7464
7546
9190
4564
9024
2115
2734
5285
3307
5272
640
5450
864
7458
4232
8145
7377
1092
1737
3442
8606
8235
92
7476
7314
6494
2925
6485
8756
3362
2475
2138
6142
6278
5938
2993
7700
8482
5640
8152
2650
7126
3575
7322
1636
3599
3761
4381
8037
478
350
9469
1380
2338
5175
6691
7182
4609
4193
9419
9303
479
9548
5855
9327
5365
2703
2253
7516
8778
821
6306
2458
2123
2107
2790
8933
4302
6806
7595
8289
7758
9923
7643
5639
3693
2355
7340
8222
5539
3858
991
5036
2226
9247
9294
2055
237
8727
3187
747
6942
4698
5376
5994
4273
6630
564
9177
2586
6831
9165
9511
7521
2344
3510
7127
6393
3091
2249
2294
987
8117
9106
7914
5623
3730
6523
4921
4591
9682
2885
6182
230
6364
8853
318
4850
8094
4441
8739
4495
9198
1888
7931
2588
6927
3269
3855
2689
7084
1831
5600
6057
1639
8983
7290
7259
4870
9464
7210
8924
9640
9186
9144
4335
8491
8487
8455
88
4305
2701
7819
6514
8099
8804
8390
3314
1967
8815
4774
8475
7702
7511
5506
284
5231
2097
2435
8788
4611
9657
3745
5325
2231
9673
9438
6586
1071
2526
5370
4581
9515
1419
6944
4592
8716
8361
2667
7730
1609
9544
6133
8192
5540
97
6505
2931
3981
3709
2049
2933
3023
8575
3271
8809
8990
827
9536
5843
4809
4362
3166
2339
2554
1271
8587
1628
6099
4409
3138
9591
5657
6688
4259
3553
2561
1559
6008
5558
7608
9269
8202
3932
8557
299
2008
3440
9787
6344
3301
5602
745
8847
4111
4439
2552
5776
2856
8172
8989
9507
5619
9513
1249
2947
6745
1925
5224
7090
2284
3512
5024
962
7072
5577
7555
8994
8963
9074
2517
2997
6293
6417
8543
9441
2916
2535
6618
8271
5617
5049
5686
2879
4816
3479
3681
5085
1600
8077
1718
4627
3860
8027
9188
8255
3384
9720
714
8505
7904
9124
8427
4834
9818
6562
2142
6834
4025
7859
4039
8245
9860
1186
680
6426
8212
6594
5785
7505
3076
6342
3457
2514
1263
6692
3058
3982
5865
5875
6059
4263
2150
5933
9430
8330
4537
6879
7984
8710
6023
7565
397
3
7485
9914
8365
6326
583
2631
5037
7653
9112
1386
3373
8306
4162
2579
7288
3621
4116
2442
9179
9091
4123
8530
3375
9397
9629
1809
9557
2136
8774
6833
4617
4576
8563
4076
66
2332
7108
5269
7747
1979
2507
9166
8621
4339
3488
3277
7260
9128
2549
8612
8313
1357
6981
1076
9174
3687
5228
799
1346
6375
5177
3851
6243
9774
4032
8600
4788
2494
411
6644
979
8233
8096
518
4760
4282
8426
3775
136
4241
2227
5123
1372
1917
4340
9897
6524
8743
306
3839
9674
7416
1313
2043
6501
5440
1081
1181
6916
1912
967
1903
6482
4872
7979
4430
1248
6100
8093
8129
9989
7103
4502
3415
2353
8999
6607
8618
6848
890
1094
2161
4515
8583
7205
592
9291
7156
312
7142
9512
9274
5978
9420
2609
1460
4678
3552
3602
1353
599
1352
1686
4962
8767
5596
6546
149
8952
2920
8140
7024
3630
868
3923
8790
5770
6917
1476
1126
2424
8335
4665
4670
9661
4396
3152
8018
2614
7058
3563
5386
7061
4051
2712
3471
6145
7349
492
1598
3823
6136
7251
3182
2217
1381
9650
932
768
3391
8682
3088
755
8794
7231
7901
9539
4745
6513
3355
4299
6684
2398
2805
235
8177
7810
9909
4893
5076
7967
7869
8510
5839
2630
5716
7292
4974
6246
7635
6013
2156
4157
5873
2183
6839
2559
8210
5384
601
6744
4476
144
9616
5714
7536
1003
6926
7909
7119
2743
2590
8915
3472
1403
1259
1464
1836
572
7672
6412
9743
6616
578
5383
4505
5653
6078
2152
1493
189
5104
5813
5138
1351
6305
8415
1164
2318
4548
2798
6961
3626
1064
8871
1100
9321
1513
7684
8918
9496
1239
6900
4970
108
7614
6442
4920
9040
5282
3230
7053
8496
5794
2841
559
3678
5580
8064
8620
4435
1595
5801
5083
6603
4944
302
8280
9459
6755
2574
219
3454
170
674
4653
8267
8593
568
1440
2405
3112
6979
9346
3351
9840
2806
7811
1075
6606
3446
9150
2583
9376
9473
12
2641
1261
2595
1520
264
8577
738
1863
5730
83
2755
5081
7667
7281
1335
243
8126
1971
5847
7791
8147
9315
3900
9962
9142
3004
78
7689
6438
5120
1990
4863
3558
627
3303
2629
4963
8191
1694
6818
4477
287
6399
8833
1356
3080
4762
6218
5418
4226
361
531
9200
6656
8262
7518
2425
5435
9599
1601
7442
711
214
3108
9215
6960
5638
6633
9736
7022
4401
4459
2744
8103
4859
9931
4485
9799
3885
931
9955
575
2898
2859
7892
3335
657
5094
4284
6014
643
5821
35
2279
1610
9118
633
6403
1170
5504
5932
1080
2886
6941
2189
9324
9489
3102
6847
9491
4124
8787
8370
6060
8504
3053
221
8439
3953
4291
8698
9331
2960
5012
9472
9800
597
4108
6502
3192
9105
9578
5367
5356
4931
1488
6530
689
4808
3337
3942
4407
5111
6751
1401
6855
5809
3944
7899
2581
7094
8811
4128
9918
4094
544
7773
5259
2061
145
8400
7192
794
8639
4496
9169
8861
5592
2141
8293
2021
1951
8769
8689
6252
4603
2686
9870
5243
3650
2314
7740
2945
3591
8998
9117
8139
3480
269
853
4077
8959
4724
4763
4934
3173
2006
8734
98
9837
565
3682
3038
4150
4524
4554
2672
8153
4752
6055
5034
1175
8176
6052
9153
588
6307
7345
6843
8075
175
8138
4707
3571
9337
7233
5040
8246
3394
1478
6595
6089
6655
9267
1592
7258
4668
5754
4014
7896
7397
6056
3340
9744
7933
5762
9643
5443
3952
8539
7600
3399
2905
6421
3096
5870
6080
833
9011
3101
8459
5672
7320
3287
4827
6337
4493
4998
4561
5265
8104
7607
1425
1171
7383
5589
9404
4252
5829
8977
1891
6878
2705
5082
3183
749
6534
6431
1924
6761
9268
6948
6050
1928
7501
5246
7026
6554
6117
1965
9082
1033
3898
8404
1098
4677
4956
1254
586
2758
28
1974
7384
7470
5247
9690
7547
1817
2857
8537
9003
6129
6809
9181
2203
6478
6610
1355
2864
8554
5528
5732
8008
3267
2426
6712
5342
4930
8015
7463
7310
3424
4480
2018
9827
2439
9725
2936
2283
7801
2162
9649
4878
5300
4003
8856
1364
396
8514
4134
2929
8598
4795
3657
5751
6086
5241
3222
7497
6865
1214
8407
8625
3237
1190
9614
3416
63
6102
7098
7194
5980
5388
5537
4979
9580
9246
2434
5496
6615
7129
9184
3139
8325
6565
4049
3519
2305
6441
5713
4770
2983
3579
4403
4394
163
4658
3473
683
1252
6318
6851
7916
2269
5802
9708
3364
267
5491
7535
1285
7876
2829
1013
5442
6951
2753
8164
2151
7295
9004
7590
3141
3675
8986
8966
5062
8373
8779
4144
1596
1039
6754
6122
727
7267
233
7447
6346
9211
2366
8961
3997
7444
5898
8857
5114
2840
3707
7193
2635
8042
5944
1864
4484
9262
8167
7102
1537
6873
89
8005
7069
1855
1103
6
628
467
7480
2677
1915
5837
1704
9687
7560
8517
8950
232
2944
9034
9896
7237
8274
9699
4139
6437
4099
3717
2236
4838
4084
6540
577
444
4141
6461
8428
3060
7682
3219
8867
9537
7831
9336
7043
7905
8378
6813
6988
6579
9431
7170
3679
1115
7435
9502
6780
2463
1332
1884
4231
6362
893
6083
3184
555
9543
6553
1282
1584
700
4110
954
2396
908
7851
9626
9388
7574
7534
7988
5899
4168
866
3405
9297
4261
5411
1621
6304
8162
8750
5180
7246
4167
3051
5736
3273
388
7029
9055
1318
7404
7479
2707
1327
7563
3523
4271
3171
461
9875
5551
6533
7649
6654
5636
7291
4820
2919
2628
9540
4239
5816
6643
6045
7060
1087
3312
9107
1645
3154
4392
4350
3159
2017
3332
3079
4073
5148
4098
8927
9529
425
3164
2206
2506
8149
8358
474
7794
5310
5311
4215
7092
8266
9103
1362
8308
7232
376
7023
3787
6453
5678
4283
203
5935
3443
9692
767
1697
1620
3937
1205
5147
2273
5709
2114
1222
2130
483
1241
624
3073
3150
851
8406
3870
8029
1823
8091
9295
2277
5397
1802
6852
3807
3126
2508
1881
6071
9287
4756
9005
732
3943
6359
1242
173
11
9528
4310
8643
7038
7841
671
9598
4344
8662
9778
1946
3029
2298
103
80
8836
1879
8754
6982
3113
4786
2640
3145
8948
3926
3837
8044
6324
2496
2692
9306
5154
3032
3716
7770
8351
6192
7016
6896
8669
846
8653
2839
5425
2900
9204
3774
442
2837
9638
7822
6730
2569
1281
4596
9250
9660
3568
3028
9839
9032
6646
2291
7842
7857
3938
6046
6796
9716
2349
4462
5163
9334
2809
6193
1526
9772
2033
8178
901
4466
5235
6786
3887
7868
8921
8479
9450
7365
372
4437
428
7019
5786
5820
1970
2760
7738
6825
869
6044
7316
3698
7070
8318
1735
1154
8907
654
6581
7615
8893
6311
5283
9993
112
1499
1322
4551
1721
4225
6398
2555
2639
8179
5346
8906
7047
4675
8882
6700
4325
6025
6430
5764
3633
5309
6974
395
4002
2187
4922
2807
9978
8208
7200
6105
9669
5328
4062
2510
996
977
7549
3862
9220
2903
8506
4035
7163
8838
780
7768
5271
316
354
4328
7910
6479
2386
4410
9707
6345
8383
4289
491
1705
6708
5134
1555
3542
5434
1449
6795
1890
2222
5038
1455
5014
2974
327
3484
7402
1084
2612
2917
3361
4148
7618
9627
8326
9330
226
5495
9807
9542
4720
2865
6279
3861
5920
6922
2815
1151
8870
2680
7920
2441
7871
4432
8925
1853
6675
239
6892
2756
9527
8578
629
9666
6966
1960
4775
9862
4527
6857
2003
1991
7605
845
3434
2661
7143
9173
7826
7078
236
8121
3158
7239
102
8773
6631
525
8594
9915
6048
9634
7309
42
9052
1919
8586
9020
3026
5868
4121
4371
4481
1793
274
5321
2795
9514
2862
2259
8765
1161
8000
7650
2593
5251
9710
3815
5237
1699
4247
2400
5547
4406
6216
9568
6867
5131
8611
5017
494
9486
4562
3438
8243
8673
3251
5643
3600
9659
1523
762
722
2621
2604
7253
6157
6177
9943
1143
1101
4194
6027
9994
2752
7360
6245
4790
6739
3294
3892
4836
6409
9874
6339
9132
4095
2558
9342
6958
6651
8978
9039
1730
2358
8702
122
4579
315
2264
8254
1233
181
3733
2310
3790
8831
5184
1459
4104
1814
7972
4560
2835
4911
406
3093
8028
2521
4965
4351
1638
4683
4771
308
433
4428
358
5883
8239
9911
3734
1446
9289
766
2892
7619
2816
1982
47
5116
6719
8969
9998
4508
7873
3133
3798
7781
2372
6261
6837
5645
6225
9873
1842
3090
4565
6076
8043
3328
446
989
5892
4936
7432
463
3465
9963
9048
4575
5500
7674
6690
8985
3268
1883
9229
6596
5493
2808
5273
764
5912
3867
7218
6459
4052
9360
2708
2817
8102
4001
3814
940
3439
3081
1905
8454
5793
8437
5331
5136
8762
129
104
710
351
6858
7573
7664
3637
2419
179
6361
1527
690
7186
6937
2560
9025
2331
4741
5524
5079
6330
8392
9079
7158
5403
6113
1001
7185
2726
3618
2460
3561
7474
9547
9304
3696
1279
6756
3651
4254
4748
2671
2861
4364
2990
3732
4643
2823
1155
6240
3694
4086
8527
178
5879
4531
8634
9747
5977
347
4000
2412
9882
8019
8528
8599
4393
1604
2534
8230
3628
1083
2233
5221
7373
9468
5378
4172
4734
7784
3254
7625
4751
7924
6332
8717
4801
24
3965
6224
4702
9681
3433
9299
2429
5092
6141
5534
4852
3452
2086
8297
2464
2906
2111
4499
1317
6489
6065
7880
5332
4959
6185
4660
7962
2127
532
4861
3703
1848
2416
1124
7109
4578
4115
9026
9653
5340
4971
9149
3905
5616
1789
3390
5893
3877
1359
9997
4214
4217
6432
7034
4374
4202
9726
6066
7528
941
8100
3585
8585
5841
3412
7423
4909
3397
6563
626
9779
4317
2363
7919
7620
4597
4960
9429
7642
7008
600
1635
7568
8553
68
3128
8047
7688
9148
5999
6112
4654
3894
2214
5860
2160
4693
9810
3931
6380
2540
7865
6038
4176
1700
6286
4166
9206
2896
7676
1538
231
986
6695
1744
4948
4860
826
7558
4605
6667
6181
7400
5348
5515
1390
1677
8352
2469
8883
8664
2699
5209
7191
3864
5335
7469
9791
4199
4897
6111
687
636
3795
698
4791
9843
3620
3231
4363
5890
7021
6794
6899
7913
918
9952
779
5647
1396
305
4779
8916
9482
9617
6349
8497
6471
3270
8674
4064
6890
2443
1295
6920
9371
7736
186
5530
2976
5238
1659
8354
3190
9830
4442
2010
1799
4722
5554
2171
2750
5456
6939
9417
6752
7005
2821
8156
8380
3607
2072
6580
2860
4405
6460
4622
9212
1216
3878
4828
1453
7339
8742
4875
9781
2866
692
2004
426
7032
1113
77
3309
7648
7766
4338
8677
8644
7790
7304
1389
6500
6260
401
9029
6200
8483
2337
5992
2787
9979
3226
5188
465
6758
3612
8001
3191
7506
8082
3296
1756
823
838
4234
9954
5782
1217
7947
8687
2738
8755
1272
7358
5555
5755
5696
6062
5993
6213
5052
1037
8368
502
894
9834
8943
7509
2134
8780
7076
5103
5234
1114
9856
484
9719
3735
6309
7440
3705
6854
9576
8556
5850
3352
1176
8022
5475
2901
5026
7381
9628
4516
3536
1701
9829
9958
1349
3791
2492
1228
2872
4142
7830
8051
3482
9538
7367
1315
7922
2082
8441
7663
751
1972
2472
6648
45
913
7647
4819
510
8602
2239
32
348
3546
9893
2224
9044
5895
616
1018
5487
5011
9471
2154
540
5296
143
1085
776
4624
8777
4825
6265
2958
2436
4631
2176
4308
8217
2084
2694
7319
95
7891
7776
9917
8009
3537
6063
6629
5371
4034
9338
8591
9644
6875
2713
5991
1764
4322
8835
4526
3193
2877
9050
4616
6381
8521
7508
7626
1406
1534
7451
6918
6146
5122
3293
1496
5927
7925
9312
1120
3949
4639
2112
9767
216
6541
4967
8904
2221
1491
490
7744
1399
2131
726
4823
5482
7409
8628
8850
8851
5109
3299
3134
536
3515
889
9272
2037
8654
4690
581
451
7044
7321
7538
5488
1770
1806
670
8087
5929
1433
370
7135
1301
7393
6621
6764
602
2479
9196
7313
8006
8444
7935
3646
4746
174
9194
8122
9023
6219
140
5059
2289
6605
6096
4802
3459
673
4588
660
5542
3366
8798
5113
6047
7888
4112
7875
2395
834
2991
917
7331
1043
1642
7131
1771
2693
1948
9219
7488
50
1235
9562
2616
6511
2202
3098
1703
9256
8141
2147
5003
5731
7317
9565
1454
7929
934
3557
4218
3882
2342
5953
3179
5093
1221
1141
2742
2132
1157
369
897
7725
9134
381
2163
993
6387
2063
9141
2146
9318
6285
1119
6526
9752
3619
1021
7329
4012
4133
8275
3297
8758
2826
5215
4899
3278
1040
5586
4153
5200
7772
4538
1136
4420
5421
5954
4708
8538
3674
1590
4908
5940
3964
9205
6882
8226
8658
8576
4783
4506
3676
7699
2223
2459
8403
9076
2731
2394
9407
556
8032
2361
4085
5711
4955
5765
7153
8049
571
5227
6451
8466
2133
5110
892
8768
3573
8525
5278
9442
8452
4227
8721
2652
1544
6484
5503
8903
5771
8971
3235
8793
4656
3003
6702
8846
8278
2413
5807
7473
7691
2566
4854
9567
2301
3548
6693
647
3367
8544
988
1284
4027
1933
1803
7088
5404
1156
2620
2965
4879
48
4188
1716
5476
2714
1139
1152
9172
85
1613
7269
6612
9208
3996
2812
4383
8641
7036
1746
7874
2251
8533
9977
5395
3796
5452
1673
9695
9631
8418
2380
574
1605
3396
4006
9558
3793
9490
1786
8733
7954
2969
5838
8189
8878
1423
4890
60
9833
3067
9750
8828
5222
5250
4559
2519
5449
7754
4680
314
5814
1123
1800
9642
2978
8057
8630
2330
5480
9382
1825
2370
6401
8440
9755
6998
2198
1036
4264
7264
7151
1541
8219
6180
2062
6151
4149
8844
1577
3210
7958
6149
5664
6110
6539
5108
6829
5563
4846
4078
9737
5133
322
4347
5631
1567
7581
5588
797
6657
3899
6677
9427
7710
6166
6411
2390
8672
6593
4016
7152
9097
7341
416
2169
5553
2005
4950
6969
3347
3497
3344
4469
7617
2956
8749
7223
8232
5086
3955
2315
3842
883
3130
8433
3224
4312
6775
2695
8376
4228
9900
320
9126
2580
5766
5533
4858
2375
1405
5280
3520
3540
7181
4856
168
4113
6640
298
6861
7414
8996
6462
1173
1502
7134
270
8098
8973
8631
7064
487
721
211
7048
782
8229
30
1865
1656
7145
9223
7245
5756
2088
7390
9605
9751
7305
9031
8910
4357
6542
8622
3265
9509
8125
9218
5166
8282
4494
3771
5725
9252
623
6371
5894
1331
6234
713
4782
3713
4058
9123
5359
9072
570
7428
7864
1695
5410
3948
7013
1324
5158
3259
4382
819
5019
7071
1797
2838
652
5649
6885
2715
976
3742
8158
9135
3764
1769
6386
427
469
5561
7426
4725
7579
7855
2044
6549
2873
6201
4414
6255
119
3044
3346
6043
6090
1840
1757
3014
477
2572
8101
1444
4196
3229
8284
7734
4923
8900
8747
8151
8377
8070
3873
3582
4641
3279
6685
3291
7226
5027
3939
6792
5314
877
9051
7375
9927
607
6841
5579
7992
457
1420
5796
6659
8972
9
9786
1833
7004
6366
8699
7993
9841
2299
8732
7062
7392
5958
6573
6340
3458
3382
6126
127
3747
9096
202
6165
8693
5401
898
9257
8596
265
5934
8704
2799
6788
7655
5344
6815
3469
7371
6167
3789
447
7262
608
7106
3666
9826
7533
4453
6814
3550
9728
9959
2764
7836
4607
1366
9462
2110
6268
6082
9901
1178
8993
6994
956
5313
1376
6871
9534
5461
3601
6068
506
5828
6767
2522
5002
9333
904
2890
6233
4200
5379
6768
1237
4794
3683
342
9926
8548
9831
1724
2474
2465
1790
7756
4278
5585
4132
2688
4982
7767
134
5347
4778
6665
551
3505
8168
6681
2036
6954
2961
7456
7362
3247
926
1931
3055
8472
6175
5897
6548
9400
373
4093
5970
9647
1852
9378
2810
7302
1106
5230
7202
7212
6341
5219
7363
4192
6959
5157
155
8436
5429
148
5351
1987
678
6064
8965
3310
115
5260
6227
6267
9636
547
9639
3874
9988
2739
7396
2848
6298
4874
2503
8608
8812
8113
8205
8633
1941
9258
8031
5689
198
9976
4266
6012
9675
6635
4694
5141
1904
229
9245
6721
128
1431
2729
5051
1061
2867
7834
418
526
1826
8144
1655
5885
3047
2601
8660
8450
2769
5087
8296
7907
2026
7100
7641
7771
1347
5374
3317
7787
6609
6088
3739
9498
7089
6320
6334
9633
7610
5635
1713
142
5594
3087
4555
5353
6454
2059
5827
6613
959
3890
4869
7571
2827
43
6652
111
1467
9756
9763
9356
3915
6433
2364
7093
8315
3866
5810
7296
8448
2096
8659
4851
970
6228
6970
3744
6576
2819
3549
5521
6880
8388
6087
6343
3908
1819
5030
4977
4280
5763
7788
5253
3143
480
9770
5748
2341
7559
9210
4540
7020
6195
9159
5064
761
7343
8559
8859
7724
8133
9691
5880
4154
792
7011
1167
1361
5682
2244
2663
8579
3665
2488
4530
7749
8327
2610
3817
93
7140
7713
6743
2278
117
4053
1858
8665
6623
9947
138
7587
7580
4013
8443
5997
598
3258
8894
1947
3998
349
4545
7148
7120
7965
8305
3175
9357
8979
5831
3107
2204
3217
6636
9013
4651
1740
8069
7634
7380
49
4673
6964
8609
7477
6957
7803
4764
8175
2733
9125
8970
4301
1275
3276
8480
1957
8348
8997
3170
5627
4894
3699
392
7215
8873
1448
6525
8728
6521
6889
7975
1533
8703
2359
5614
6810
2024
5613
4069
3635
3082
6299
105
5982
5303
1777
7033
8944
6575
417
4212
1880
4119
5419
9248
1552
9738
6962
7711
2520
4837
2706
3588
356
548
3260
2120
3895
4711
5965
8830
8976
3876
7489
1510
2087
9054
251
1545
9421
1417
8834
101
4938
7685
6138
2547
9111
1142
8909
9961
5098
7045
922
9630
6335
6749
7677
8523
3211
1953
2928
360
8939
4981
7537
9065
9477
7774
7660
1794
8607
4358
2445
8638
9444
52
9100
6019
8605
8876
7475
8956
9982
4021
7431
7554
3824
9094
3466
1981
4914
6184
2725
8374
1509
8550
9632
7160
4191
1232
2664
8541
6427
4556
8740
6686
7441
8359
9740
4336
2679
6188
4187
891
2966
7315
2174
595
4316
8772
1348
2328
6965
71
9380
4749
2186
4569
3680
1194
9155
8193
516
7132
2670
8367
8272
9532
9676
6347
5061
6642
6574
7311
6338
3475
9353
5959
2988
914
3300
5792
8291
6733
8661
5788
9541
9851
1049
3350
5071
8502
9454
1490
1812
4296
1902
7804
8286
7165
9217
7727
1816
1874
7550
5550
3203
9925
8317
6791
3432
1265
2524
3118
4824
5268
4539
632
4370
8565
3059
8531
9602
4391
3426
2548
2085
7671
6408
4987
9227
7136
7046
7306
1258
6992
2080
6583
8372
4018
1072
6004
5399
7529
5587
7507
9503
6670
9384
2952
5667
5930
135
9019
5708
8914
3048
4842
3847
8499
9847
6634
8890
4349
9950
863
3658
6568
2971
4666
2767
2539
281
5544
6074
8385
7585
7824
5041
4552
3856
1211
4961
3741
6481
2377
2525
9983
2602
7990
5144
7096
2422
2779
1651
2052
9037
7553
832
204
5907
4514
5666
4577
6717
8919
118
2381
5471
8984
7616
4415
4903
2250
5681
7105
2252
29
4387
4170
5055
1212
4978
9351
9583
6452
2783
7969
8637
5066
4804
2308
5520
9802
1562
5674
659
1539
3370
4567
266
9470
1932
728
4427
8013
254
391
8819
7003
2369
2078
7183
3487
9221
3961
4886
4793
424
2290
2230
929
289
8119
3773
5951
8035
8356
3913
9062
3854
8425
6975
4063
1835
4004
2578
159
6220
6914
7829
5981
4832
5467
9975
6649
3566
2716
1393
5329
618
3786
22
4372
3206
8078
4219
1683
2773
3444
4158
4503
9601
7951
8218
2788
6348
7792
9844
9741
4988
1030
2792
8888
8686
4876
6241
5712
6021
9501
8635
5995
8112
4055
8592
6249
1051
5409
2050
1741
9069
9241
8937
2304
1698
8050
9339
355
8975
822
7971
4468
380
5252
4026
1542
8663
7369
2454
6622
3610
7091
1131
7983
9492
4873
1975
1719
9359
6742
4288
5768
1976
7298
4379
744
5211
5316
4487
8276
2597
5031
591
9671
681
2321
8771
4029
9797
6020
9213
1189
7879
8033
2309
1413
1067
9127
9460
9326
9569
1065
5718
1482
9310
7964
4223
8546
6943
8258
1847
5210
2904
4235
5223
9367
3872
257
3116
843
9279
3638
7067
4205
9887
4400
4082
4320
965
8429
5704
8304
5611
9133
7272
6351
2981
9686
224
1779
2282
590
5498
1108
2869
1666
4399
1726
9000
7099
470
8
6846
9436
5624
1675
2009
8796
1714
9495
1015
8902
5306
7427
8516
5690
3954
4812
3323
5457
9461
378
6302
5575
8896
4984
9499
8738
5858
2499
6628
495
1105
6391
4688
9426
1198
5846
4075
5924
261
51
7513
9373
4885
3320
5305
646
205
9574
9845
778
2880
611
6972
5192
493
6705
6174
743
3395
8196
1056
8589
9648
5502
644
2950
2099
6497
2962
8884
81
8438
4249
213
6884
4431
7000
4221
82
9670
4216
5257
8701
184
807
2591
6377
8263
2232
9424
2735
8534
9143
508
4826
2351
9352
622
9319
9739
5906
6148
4079
4164
1929
2322
8866
3353
419
4230
1758
1603
9396
7796
3074
6017
5729
9022
2926
8713
5068
5341
7603
3037
2908
7806
1379
1752
1745
5705
5781
6275
6571
9451
9411
1066
3840
5800
5719
4137
9392
3385
2340
8877
5080
338
6759
772
6784
8982
6608
1028
1498
9761
7263
7147
3035
8073
2527
2775
8540
4710
5318
1474
5139
36
389
7777
5287
5447
2274
9139
541
1999
1054
3613
5161
5415
4800
7049
3491
6436
5013
5220
4777
9129
4831
313
6463
3754
5926
3596
6357
5726
3987
3436
9209
6132
3493
7548
3015
110
9102
3669
7359
1147
6490
1743
3239
3228
9121
1792
4458
4845
5387
4257
2476
4449
6353
4030
2941
6390
773
3084
7930
7622
4659
1938
589
1047
8107
7745
5833
5556
4277
1571
2902
8341
8004
3167
6547
1993
9775
1767
4294
5420
2228
1807
9850
1053
4015
7252
6176
811
2421
1747
1193
6897
6379
5042
930
2763
7201
6720
7908
9785
9838
2345
3225
1830
1676
720
8571
675
2970
1127
6493
8422
5018
594
7116
5557
1624
6826
1581
8995
151
2959
7347
2963
3828
4758
501
2954
125
7348
8165
6397
2042
2404
2863
7250
8072
7731
4037
4209
6295
1074
7589
8201
5680
5048
9381
1110
3262
9344
9758
3614
865
7673
8690
2659
7379
829
2407
4306
4835
6127
3928
7588
9968
5112
2371
4736
9593
8731
1787
844
2780
9301
725
7723
2478
3062
8667
7687
1251
3282
9288
8357
9193
669
8917
5078
2608
6264
1521
3951
7991
3077
2124
8865
6372
9151
7860
8446
6853
8336
6773
8725
3142
7405
1337
8817
1859
7357
3768
9083
4542
1328
5127
7598
5406
1477
6750
2057
124
4443
5668
4070
1404
438
9842
7961
7999
4444
3622
8074
3411
1708
7726
7782
1785
1760
4518
3869
4457
2617
7438
3383
7459
3319
1669
3945
8813
2101
4421
3334
7087
631
4994
4709
7960
8116
165
3476
8885
7624
1641
4717
2167
61
8089
4023
2825
2263
6352
3202
1009
2537
9717
3386
1808
1949
3922
1791
9683
9732
5363
1436
3503
6760
3958
4445
9722
6053
5016
3148
5784
9453
7439
5494
1373
5937
6244
9995
533
1996
57
5753
5255
1927
8298
6787
553
3374
961
7877
4341
8203
7114
4186
6315
5206
810
8500
3266
9270
8405
2785
9122
5360
2914
8225
3893
8197
9521
5044
2489
4059
9888
3499
6872
8805
6602
1843
2417
5473
2373
2248
1821
1731
200
1388
919
4572
9171
5818
2704
5058
9835
9305
7294
3829
8071
1632
1468
5137
6134
2444
5277
3410
99
331
1813
4345
2497
2943
7743
9085
1363
5021
2199
2515
9415
4964
9637
5462
8016
9283
8681
5606
1663
7846
6940
6094
5199
884
3560
5432
1485
9458
3380
7911
253
1316
8764
5512
7564
992
8114
3688
1801
5517
263
9222
8163
7387
9957
512
6041
6237
3462
5492
2568
6729
734
6209
1908
450
7350
1504
7472
6566
4274
5877
4901
9277
5337
7113
4448
1159
7815
1414
2493
4348
6701
812
2316
3677
7068
1715
146
6516
9777
7167
6483
1690
5193
854
2462
6440
2302
528
8515
326
4490
2924
4652
8457
8714
910
7592
7850
7981
5817
813
6215
8898
3871
8911
6258
5823
7845
5634
6232
3778
566
5701
5576
4
9418
3427
9348
1231
6925
6735
1182
303
7009
6706
1274
2523
2740
6382
5455
4177
3983
6777
4155
5872
6673
4640
27
1597
7918
7487
8269
9663
8920
5352
2446
9275
292
8252
7856
5172
1129
1229
5349
3769
6024
9399
2348
1122
723
2611
7577
6536
8465
2624
9667
8223
1899
7324
8632
8240
6589
1195
5304
5761
3970
2855
5797
582
403
1060
4324
390
9484
2669
9581
3595
2329
7825
7198
6620
2240
503
7629
277
9524
5057
2440
2365
6314
9908
1674
1385
9677
2585
4843
3501
7813
3441
4692
3667
7718
6838
4089
4738
2529
4995
1068
3715
2642
1952
2245
4841
2784
7640
4849
9930
8430
6203
4210
1671
6277
5700
1320
4438
1968
8259
2939
1986
180
3917
6422
8671
8795
407
3049
4460
5240
3348
5697
244
7206
1312
3022
3526
9435
3641
1333
7133
3743
6932
9749
1637
8720
8447
9405
7596
1962
4318
1394
3242
96
4723
9654
715
3002
488
2541
4623
5207
2347
2673
4648
7746
1989
5
3264
8697
4293
8887
384
9440
185
3304
1761
1368
604
3216
8467
7370
6687
9090
8159
1687
3640
1774
449
3522
6373
5100
6923
4732
3819
2632
1841
5685
9045
3504
7229
3168
2447
3629
5054
2064
4507
4992
2292
8735
5053
7499
656
8413
2303
5297
6030
4697
1682
2732
1896
436
7382
2888
7130
6748
861
906
2246
9493
6294
9620
2481
9662
8353
817
9271
1617
6091
9355
7175
7124
1223
8991
7248
8801
4574
9700
1329
7739
8221
8872
8757
6070
3556
596
3305
7937
7168
5170
9746
6725
8940
4535
2401
2195
8615
3737
4523
5286
7166
8268
1818
4071
6079
5023
8295
2989
2325
5910
5630
2881
3110
3205
6866
3830
707
3161
3196
4563
5562
1426
1438
9990
3529
2028
6682
1773
7255
171
8895
9964
1415
3124
2108
7300
7561
9551
1845
8039
9084
6741
4412
6907
382
3065
4997
6567
2157
7504
5178
7430
414
3470
8316
7027
3857
2982
1599
4117
2210
5298
2930
3559
5490
9789
584
1140
7900
2749
3198
655
1091
6084
9815
107
8432
6034
3151
6770
7644
3330
375
4664
1382
5284
4803
1168
1710
9987
1149
1350
6803
2999
7261
5233
625
5126
7042
8135
8464
6291
7955
8886
3649
9018
2774
3514
3408
8020
802
2577
195
7111
6823
9237
3024
2964
5338
6238
7286
9175
4983
7659
120
2453
4366
5385
1519
5212
2197
7054
5067
4945
3085
9972
4915
4553
4681
1727
7893
223
5015
8646
9046
5622
1077
5477
7712
1185
7159
3794
1782
6140
8063
8489
619
7942
4715
4090
3494
4183
1370
4165
5091
4626
9924
9377
3115
6587
90
6250
6876
7040
2075
294
5568
2681
8324
7645
7597
5020
545
9414
9195
8471
9696
520
5985
37
966
3907
8752
2828
8879
5947
3097
7059
21
5901
4806
663
3496
8700
3316
7812
7273
6569
8567
7486
2482
1551
8495
610
4008
1579
1243
9531
7809
4993
2505
5548
1862
4844
7208
5481
9516
9884
5903
8685
7448
3776
9714
3069
1943
3879
668
3092
9316
1323
849
7974
542
3144
8435
511
2719
9284
9386
6697
1643
482
4937
6392
9969
9592
9061
8309
7277
9949
1102
39
7216
4972
3339
748
6550
1247
3897
4096
6840
9706
8215
867
5069
9885
499
1615
2346
9938
4042
2254
8957
5483
2320
2607
6206
1798
5633
7344
2762
895
5525
9723
5684
5733
634
1838
8808
3598
217
7575
8396
2095
7793
8730
840
3544
1515
352
537
3589
6999
1878
1668
7274
6614
6253
5159
3632
6058
1429
9588
394
1926
3360
2953
5320
8912
2173
1824
415
8105
8045
4661
3153
6368
3040
5646
8090
8696
2098
4589
9622
2456
6968
2876
9863
7437
5151
945
7307
2822
8187
6731
6924
8188
5919
5740
4650
3843
8825
6033
8821
7376
9948
6577
1293
3903
1112
7299
2897
8719
7862
4208
409
1503
2972
1307
1578
2948
3891
2759
3654
7817
2466
8142
2376
3853
9679
5886
9201
9570
529
4356
359
4940
3835
1375
2811
2511
5176
3736
4768
8718
5695
5315
177
1589
9154
7591
1203
3581
6384
5444
6989
9822
1895
6007
3616
9788
1518
847
6187
1311
5641
5917
4839
6817
9002
8320
5737
7742
770
5812
7279
1684
7544
3918
286
4245
7406
1900
7968
5472
7394
8745
2185
2875
569
3968
2899
9611
3896
1442
6783
2324
5874
6894
6529
1434
8726
6946
6317
2698
5478
5746
9652
1360
8814
6085
1832
5832
2000
3095
9366
2643
9224
1606
1707
789
3902
960
3188
5070
4080
5642
8564
4195
183
8874
9587
4769
9067
4927
9571
9445
8014
6582
2653
1424
1869
4829
5663
8569
8198
1336
3288
5369
2106
8127
5738
3578
4644
3372
9485
3174
6658
7762
8182
7434
4532
4811
8868
9232
6520
6280
9697
3324
5519
7737
8494
9757
3435
3636
7631
1566
7586
7461
5225
3671
6519
2468
3810
8345
837
4913
4621
1495
6564
4533
6443
7178
4276
5922
6429
7840
8214
6967
4501
3756
9466
5465
1297
924
8011
1062
4329
2644
1649
685
912
6956
7858
2025
2748
5609
6528
6229
9185
9439
5911
2014
3120
6870
5140
1565
4614
4939
9176
3052
8552
1871
2343
7783
2285
4757
2076
8445
6328
8547
3209
3711
7222
3802
3066
3782
3031
9698
6297
4753
7391
1035
5648
1428
1344
340
6120
5006
9231
3592
7863
4743
3030
7097
6465
8299
334
7050
3221
7086
7336
9603
3135
5343
9235
3244
2038
4792
2135
3543
5963
7389
2122
3125
225
1017
6544
1901
4910
9693
9894
9999
5854
7174
3914
8185
9108
4171
2450
2432
2711
6736
763
5090
1658
9138
8897
6369
2327
3001
9672
6123
2557
4566
8889
2562
2362
1561
7656
1616
8964
9564
1487
667
8619
6762
5460
40
9727
7956
8111
4272
8025
9554
6104
1082
2013
2235
9152
3806
7525
8055
59
4815
8981
6458
2709
9912
3172
328
9234
9236
8155
2797
4229
576
2077
5996
7115
9864
2563
5541
3631
3710
3570
5769
367
1861
9350
887
7939
6316
1427
16
2975
7235
9836
2089
3379
4906
5968
4669
4072
6668
2219
7527
9479
6598
2209
1480
5565
8382
8535
4156
5545
718
109
4330
1834
7757
4671
4976
3724
3215
8332
5362
7243
5570
5688
9899
2438
9475
2175
1097
3933
5101
1692
1958
4602
3726
1945
1096
1465
5819
1010
7083
6284
4047
2728
3063
1829
1450
3011
8369
9967
3547
7628
7657
8166
6173
1457
6054
1916
7408
9370
1238
6650
896
8947
4958
5909
5474
2596
9607
3027
9584
5856
1264
771
7997
9680
3813
3511
7276
5722
8420
7843
4160
7621
2690
5196
3528
1289
6718
9354
5840
1723
677
3524
5675
2220
8244
4610
760
8799
2266
7203
6903
7496
4224
3327
3162
1736
3246
2293
7697
3129
820
1305
736
9981
7385
273
9452
2414
3700
612
3356
6106
4011
3999
4941
4440
2397
1524
6168
8827
980
1227
809
888
3343
5651
3577
7709
7582
9932
6531
9724
3099
2296
7957
4005
1897
2832
6789
4479
1851
4880
6210
6868
7388
7172
4813
4593
3418
5466
6026
1226
8706
737
1208
2684
7670
9936
9929
7601
5888
8200
2697
2553
9768
6997
1321
4949
9140
8331
4676
5216
7471
7894
6416
6196
5967
8118
7466
2071
7355
271
6800
1090
8574
6283
6169
6131
1451
8501
9349
1854
4932
6949
8786
7923
1470
9403
8460
902
5308
5377
2215
8195
9907
3545
4036
2858
9940
7449
6963
2427
5156
9021
9187
3481
5661
6005
3947
4712
7378
2907
8484
1441
997
4337
2117
9345
4512
5990
7832
9803
7802
3431
4684
859
3990
18
9253
6973
4848
8343
850
9322
1522
6469
9183
7173
8169
7081
7244
2587
750
2415
7897
5739
5866
2564
8932
5976
2615
6164
2571
3946
8283
2887
6860
6808
2196
1857
900
6805
963
9398
2556
4270
1781
9131
7492
9280
9007
9095
9335
9056
7095
9343
5822
3740
1278
2105
5005
9358
1614
5582
4947
2843
7821
1546
9853
4946
4615
534
9483
1511
1612
8220
8350
1204
8236
8007
9793
5291
8490
5939
6028
4489
6103
5171
4408
5513
9505
9921
7627
3140
5637
4262
1839
300
6022
3580
5168
8355
5811
6374
6835
8402
9971
1679
4204
562
2747
5834
2313
2045
6223
3973
7520
3836
805
1536
9886
6152
9244
8908
5275
3881
9712
3976
6765
7818
7454
8476
3652
4378
5532
5441
8342
6985
1587
3912
9609
6893
3605
969
5463
880
8508
1920
311
167
8737
5181
8588
6194
3811
4397
2205
2116
1497
8988
6929
9017
4054
5767
3772
15
3213
9243
9242
4145
2575
6163
1050
3290
2846
7214
7572
4174
8562
6263
790
8412
3925
4642
9015
453
7242
6797
9402
9033
2647
1107
1196
8180
1378
4365
5033
8953
9705
9883
4957
2656
6811
8783
4321
7429
1549
3453
9162
3429
637
6676
1930
5962
8929
336
6077
4599
2140
5150
2850
8120
3594
3704
5750
6310
3702
3256
2433
1099
3321
455
4198
7001
5593
5836
3401
6172
3985
4369
8247
238
7604
472
8881
8676
9088
3785
94
8161
9164
5043
6601
7861
981
6584
9058
7041
7630
9063
285
9457
1969
8079
5808
9191
5164
6694
1950
6845
9753
7224
4999
1210
5966
6732
5703
3986
9161
9157
9555
5197
8010
1383
7613
642
329
4290
523
2782
8498
9365
974
3006
6507
3185
8493
3449
6938
6202
6296
8711
6114
9009
2268
5135
9913
9372
6908
9263
2570
3178
116
7403
5852
2184
4028
8656
8321
1179
688
5396
1250
332
1689
6407
1118
1580
9721
4833
4464
5601
6300
6950
1268
5398
2651
4586
6611
2153
3593
7593
8670
8024
153
4313
1505
296
563
8613
9410
6909
2288
2803
8333
7301
7578
5186
4881
9817
6049
9434
6230
2724
4024
5869
1574
2023
7681
9369
2229
1997
9871
5392
9806
9341
5871
9146
7800
7433
6466
7225
4528
8524
4612
1921
9203
9832
2550
4952
7576
3720
2271
7902
9944
2927
7654
6604
4286
973
9254
8829
6011
9764
6995
2951
6558
3634
8340
9285
4522
8288
7636
5945
3100
2874
2384
4541
1338
4122
2980
2383
291
2058
4169
6578
7912
5844
5299
4236
8092
8414
3846
8123
5361
9089
6883
1734
1472
6740
7482
8520
7750
1662
5857
1998
1923
3284
9189
2844
1055
8003
3535
1269
7312
2046
5249
7668
255
3406
6321
504
935
4601
10000
4765
9060
7701
8854
164
524
8209
8802
1183
8746
7219
3103
2216
7138
5479
1766
2389
2682
7926
1729
1827
2717
1128
9238
546
7632
7567
187
8171
5254
6849
9041
1192
705
3000
9985
8181
7995
7421
701
6199
3770
2019
5436
3285
6425
4663
4446
275
5745
6414
9047
6728
6557
3826
7270
6585
7332
7637
769
8319
9646
2265
1191
7530
3645
9480
3534
9042
7082
1717
5569
9904
2393
2402
5183
3045
9156
7665
5510
7101
7238
3886
1469
8766
9688
3274
4333
3123
5599
3414
79
8108
5423
7125
1909
9276
72
609
6862
4447
3333
2267
818
56
3295
7883
9028
9081
9852
9877
7716
7213
3106
527
4686
9937
1815
5721
8572
3750
6170
8824
2406
650
9816
4645
5849
798
6779
1913
7705
4389
6492
321
7692
405
3070
7698
4754
8279
3975
8810
5032
3253
1784
6434
2831
6980
3979
212
280
3695
6457
3181
278
8930
2437
6456
5815
8131
4853
6710
6506
6135
2258
6559
8862
2040
903
459
2718
5312
7872
6832
5851
114
8741
3706
2039
4895
7994
1296
2001
8408
6881
3019
1369
1650
1872
248
6734
65
4041
9456
9769
1032
2509
7407
400
9313
872
9488
6010
5118
5358
972
6137
4557
7346
2722
123
4434
5187
4729
8312
7938
6270
4352
3816
1742
9996
3204
6271
3533
7030
1209
6953
8416
4081
7779
9008
3597
9773
8062
1619
2408
8816
7283
6121
64
9328
4986
6231
4511
6801
8302
7460
8724
8061
7278
4190
371
1456
1116
999
4520
3929
2093
1507
9902
8980
8759
7230
9368
8227
7031
76
2317
8648
5979
9709
6150
7293
4074
3797
4510
4346
1711
4513
5527
2791
9872
190
4100
4807
6418
9549
9170
9553
3967
6395
2801
7334
8891
4550
3404
9608
9848
8391
7073
2940
2814
6069
7820
1594
4388
4912
5459
9311
1025
5752
5261
7798
7139
8097
8453
3195
909
8492
5961
9325
5393
5677
9448
8610
1775
9668
2676
9966
2996
4924
5603
9594
1550
3722
7719
7808
5179
7436
6222
9895
2986
948
4797
699
8626
9038
3177
7162
6820
5035
1543
1678
4092
5511
8337
9641
8329
2967
4385
260
9361
1319
46
1422
6664
8604
2912
5825
4038
873
3234
6901
2918
6653
6888
3562
1811
4248
3050
9805
3919
6092
7484
6723
1458
5798
1024
8207
7976
9713
7741
5153
7176
9734
7164
4928
1302
2674
2625
8954
5333
3888
8199
500
8962
842
1016
2820
25
801
672
6678
6738
2387
6627
1306
9890
2800
4916
6912
1822
4929
8951
8109
7569
69
6891
2118
7785
7012
8238
2721
535
4260
4258
5974
468
8012
445
7545
7717
3712
4056
5501
7680
8349
7557
5453
6191
9265
6947
4009
7612
4731
5679
1850
4935
5295
6504
8601
7457
3767
7945
2761
5655
1244
7112
9946
7055
246
3934
2262
5239
3186
7275
8822
1978
6778
374
7524
44
7010
5591
5526
5743
227
8060
2336
3232
9379
7683
7915
1709
6040
9814
3189
3584
422
6389
3474
2208
6179
8434
5620
5009
466
538
9393
5350
9618
6333
9597
13
4871
6945
2048
6799
423
1804
3672
4925
1246
8761
928
9389
1057
5389
8509
6919
1387
5334
9481
754
5956
3541
4904
9332
62
6824
344
1866
9575
9290
8584
9804
5256
2702
4182
7118
9070
6503
8597
6356
4179
5326
5989
1371
5744
4799
1046
9606
3766
8848
3725
937
3992
8474
3606
6537
5549
7503
1889
9260
1591
4933
290
2467
6075
9087
7835
756
9919
7936
7833
7282
7490
6977
6592
7732
3659
4954
1421
4730
9610
9613
2335
2915
5644
1002
3884
5659
399
3988
4900
7807
1693
6874
1162
5936
6197
3359
7413
2027
8723
7760
6476
4331
8617
2648
3841
5971
2007
645
4742
5400
323
4395
9180
5662
2300
8928
3757
684
2922
4633
137
7241
7805
3119
7940
9801
5437
7372
4189
5799
3371
6599
8899
8323
6217
3486
5427
1647
7445
5372
1256
5433
5451
460
2276
5723
3437
2031
1011
8955
2979
9014
4951
5279
9701
9563
2895
5535
4010
6683
5355
54
3236
6626
73
1914
4384
3685
3445
386
2238
7039
9413
5115
2281
1984
1572
6037
6570
8076
1471
7247
554
9878
8237
5669
4463
1483
6208
5232
339
4091
8241
8832
476
9953
7651
1585
8328
9704
5165
387
1492
8115
3941
5516
8692
649
6600
4558
9879
4689
2977
6370
1759
2420
8186
4109
4233
7764
9625
9446
9228
978
753
8992
3490
4107
2065
7366
2490
1137
9798
3365
8775
1882
1034
613
201
5984
6256
9579
3920
8679
3160
8536
4161
3455
4043
7189
3460
1661
7986
2374
8791
5484
150
5665
2016
6144
6771
8678
6445
1146
580
130
430
7195
6913
7419
5905
6910
8257
7789
7063
6446
1260
8250
4147
1644
9476
4646
4529
8958
7386
4007
5699
8551
4472
9057
8642
8146
905
5173
4525
3935
2567
8652
4608
6637
1019
3137
7418
8106
4635
113
5155
7799
5274
6301
3603
1031
8314
2053
156
8184
4866
3748
2247
